23099090
38089196
30049029
30049029
21069030
30049067
300490067
30490039
30049059
300490059
300490069
30049069
300490069
300490067
38089429
30041012
30049099
30049099
300490059
30043990
30049047
30049099
30049029
300490059
30049059
30049059
30049079
30049079
23099010
38089192
30049055
30049019
30049099
30049099
30042099
30045090
30049059
30042099
30042099
30045090
23099090
30049059
30049059
30049059
30049059
30049059
30042099
38089294
30049067
38028994
30042069
30049061
30045090
23099090
23099090
30049069
30049069
30049069
39269090
39269090
39269090
39269090
39269090
39269090
39269090
39269090
39269090
39269090
39269090
39269090
39269090
39269090
39269090
39269090
39269090
39269090
39269090
39269090
39269090
39269090
39269090
39269090
39269090
39269090
39269090
39269090
39269090
39269090
39269090
39269090
39269090
39269090
39269090
39269090
39269090
39269090
39269090
39269090
39269090
39269090
39269090
39269090
39269090
39269090
39269090
39269090
39269090
39269090
39269090
39269090
39269090
39269090
39269090
39269090
39269090
39269090
39269090
39269090
39249000
39249000
39249000
39249000
56090090
56090090
56090090
56090090
56090090
56090090
56090090
56090090
56090090
56090090
56090090
56090090
56090090
56090090
56090090
56090090
56090090
56090090
56090090
56090090
56090090
56090090
56090090
56090090
56090090
56090090
56090090
56090090
56090090
56090090
56090090
56090090
56090090
56090090
73158900
73158900
73158900
56090090
56090090
56090090
56090090
56090090
56090090
56090090
56090090
56090090
56090090
556090090
56090090
56090090
56090090
56090090
56090090
56090090
56090090
56090090
56090090
56090090
56090090
56090090
56090090
56090090
56090090
56090090
23099010
56090090
56090090
56090090
23099010
23099010
23099010
42010090
42010090
42010090
42010090
39269090
39269090
39269090
39269090
42010090
39269090
39269090
42010010
56090090
40012990
95030039
44092900
57039000
42010090
39269090
39269090
63079090
23099010
39269090
39269090
76152000
84482020
56090090
56090090
56079010
21069030
30041012
30042099
30042099
30049099
30049062
30049063
30049029
33049910
34022000
34022000
34022000
34021290
23099090
23099090
23099090
23099090
96190000
48184020
33051000
34012010
34022000
330690000
33011300
33030010
39069049
33049100
33049100
33079000
33079000
30049099
33079000
33079000
33079000
33079000
33079000
33079000
33079000
33079000
33079000
23099090
33079000
23099090
33079000
23099090
33079000
33079000
33079000
23099010
39269090
39269090
39269090
39269090
39269090
39269090
39269090
39269090
23212524
39269090
39269090
39269090
39269090
39269080
39269090
39269090
39269090
39269090
39269090
39269090
23099010
39229000
39249000
39269090
39269090
42010090
42010090
42010090
42010090
42010090
42010090
39202090
39202090
39202090
42010090
42010090
39202090
39202090
42010090
42010000
39269090
39269090
40012990
58110000
58110000
58110000
58110000
58110000
58110000
58110000
58110000
58110000
58110000
58110000
58110000
58110000
58110000
58110000
58110000
58110000
58110000
58110000
58110000
58110000
58110000
58110000
58110000
58110000
58110000
58110000
58110000
63014000
58110000
58110000
58110000
58110000
58110000
58110000
58110000
30043939
30049024
30039013
30042099
30042099
30049090
30042099
30049024
38089999
38089199
38089119
38089429
34011110
30049059
30049059
30039087
30044090
38086100
30049059
30045000
23099090
30049099
30049069
38089199
38081029
30049059
38089192
34012090
38089199
15153000
38089199
38089996
38099996
38089996
28142000
30049039
30045090
30049063
30045050
30042099
30045090
38089196
38089119
30049099
38089199
38089119
38089119
5119190
5069000
5069000
12345678
42050010
42050010
42050010
41110000
23091000
23010010
42050000
42050000
42010010
42010010
42010010
42010010
5119999
5119999
23091000
42010010
42010010
42050010
42010010
23091000
5119999
42010010
5119999
5119999
23099090
5119999
23010010
42010010
42010010
42010010
42010010
23099010
42010010
42010010
5069000
5069000
5119190
5069000
23091000
23091000
23091000
5069000
5069000
42010010
23099030
42050000
42050000
42010010
5119999
42050000
41152000
42010010
42010010
42050000
5040011
23091000
42010090
42010090
42010010
42010090
42010010
42010010
42010090
42010090
42010090
42010090
42010090
42010090
42010090
42010090
42010090
42010090
42010090
42010090
42010090
56090090
56090090
56090090
42010090
42050000
42010010
12345678
42010010
42010010
12345678
12345678
19059090
76129090
12345678
42010010
45020000
32010010
30029091
30029091
30029019
30029091
30029091
30029091
30029091
38099190
30029091
30029091
30029091
30049021
34022000
27101991
33029019
33029019
33029019
39241000
96039090
12345678
39269090
48237000
95030039
12345678
39269090
39241000
39269090
12060090
12345678
25059000
23099030
56079010
56079010
59079010
56079010
40012990
23099010
40012990
23099010
40012990
40012990
40012990
12019090
39269090
42012990
39269090
95030039
39269090
39269090
40012990
40012990
40012990
40012990
39269090
42010010
40012990
40012990
40012990
40012990
40012990
39269090
39269090
84581191
40012990
40012990
39269090
40012990
40012990
39269090
40012990
40012990
40012990
40012990
40012990
40012990
40012990
40012990
39269090
40012990
12345678
84212100
84212100
84137010
84137010
84212100
56090090
95030039
95030080
95030039
12345678
39269090
39269090
12345678
12345678
12345678
96039000

56011000
48189090
48185000
42010090
96159000
44170010
96159000
73239900
96190000
96190000
29141990
38089429
95066900
10692060
11031900
42010090
30042052
30049067
30049063
30049067
30049079
30049079
30049079
30049079
30049079
30049079
63079090
63079090
63079090
63079090
63079090
12345678
70139900
70139900
70139900
701399900
701399900
70139900
70139900
70139900
70139900
70139900
12345678
70139900

70139900
70139900
70139900
70139900
70139900
70139900
70139900
70139900
70139900


70139900
70139900
70139900
70139900
70139900
70139900
70139900
70139900















96039000
23091000
23091000
63079090
95030031
23091000
23099030
23099030
23099010
23099010
23091000
23091000
23099010
23099010
23099010
23099010
23099010
23099010
23091000
23091000
23099010
23099010
23099010
23099010
23099010
23099010
23099010
23099010
23099010
23099010
23099010
23099010
0
23099010
23099010

23099010
23099010
84099969
39239000
38089999
38089999
39269090
76169900
38089192
34060000
39239000
39249000
39249000
39269090
39269090
39269090
67021000
39269090

25061000
39269090
69149000
69149000
23099090
44079990
44079990
39269090
82119220
82119220
82119220
82119100
82119220
82119290

82119220
82119220

82119290
82119220
82119220
82119290


82119210
82119220
82119220

82119320


82119320




82119320
82119220















61130000












61143000
61143000
61143000
61143000
61143000
61143000
61143000
61143000
61143000
61143000
61143000
61143000
61143000
96170010
82152000
82152000
95039900
95030099
95030039
95030099
95069900
95069900
95030099
95069900
95030099
95030099
95030099
95030099
95030099
95069900
61103000
95030099
90049090
90049090
95062900
95062900
39161000
84142000
39231090
39231090
39231090
94017900
94017900
94017900
95069900
82055100
73211300
73239900
96040000
29336919


96032900
29214311

76042920
38089999
38089999
29239090
28274921
38089349
38089349
28274921
38089419
38089419
29336919
29336919
380894419
28362010

46021900
46021900
39239000
39239000
39239000
46021900
46021900
31052000
31052000
31052000
31052000
23091000
31052000
31052000
31052000
31052000
31052000
31052000
84581191
38089119
38089119
39239000
39239000
39239000
39239000
39239000
39239000
39239000
39249000
39239000
39239000
39239000
39239000
39239000
39239000
39239000
39269090



39269090
39269090
39269090
39239000
39239000

73158900

73259990
73259990
73259990
73259990











39269090
11111111

39249000
39241000
39241000
39249000
23091000
23091000
23091000
23091000
23091000
23091000
23091000
39231090
39231090
39231090
39231090
39233000
23099010
23099010
23099010
23099010
23099010
23099010
23099010
23099010
23099010
23091000
23091000
23091000
23099010
23099010
12099100

12079910
12079910
12079910
12079910
12079910
12079910
12079910
12079910
12079910
12093000
12079910
12099100
12099100
12099100
12099100
12093000
12079910
12099100
12099100
12079910
12099100
12099100
12099100
12099100
12079910
12093000
12079910
12079910
12079910
12099100
12079910
12079910
12099100
12079910
12079910
12099100
12099100
12099100
12079910
12079910
12099100
12079910
12079910
12079910
12079910
12079910
12093000
12079910
12079910
12079910
12079910
12093000
12099100
12099100
12079910
12093000
12079910
12079910
12099100
23099010
23099010
23099010
23099010
23091000
23099010
23099010
23099010
23099010
23099010
23099010

23099010
23099010
23091000
23099010
23099010
23099010


23099090
23099030
23099030
23099030
23091000
23091000
23099010
23091000
23099010
23099010
23099010

23091000

23099010
23099010
23099010

23099010
23099010

23099010
23099010
23099010
23099010
23099010
23099010
23099010
23099010
23099010
23099010
23099010
23091000
23099010
23091000
23099010

23099010
23099010
23099010
23091000
23099010
23099010
23099010
23099090
23099090
23099010
23099010
23099010
23099010
23099010
23099010
23099010
82119290
39269090
39269090

39249000
96039000
84672910
 3926.90.90
12345678
23099090
23099010
23099090
23091000
23099010
23099010
29099010
23099010
23099010
23099010
23099010
23099010
23099010
23099010
23099010
23099010
23099010
23091000
23099010
23099010
23099010
23099090
23099090
23099090
23099010
23099090
23099090
23099090
23099010
23099030
23099030
23099010
23099010
23099010
23099010
23099010
23099010
23099010
23099010
23099010
23099010
23099010
23099010
23099010
23099010
23099010
23099010
23099010
23099010
23099010
23099010
23099010
23099010
23099010
23099010
23099010
23099010
23099010
23099010
23099010
23099010
23099010
23099010
23099010
23099010
23099010
23099010
23099010
23099010
23099010
23099010
23099010
23099090
23099010
23099010
23099010
23099010
23099010
23099010
23099010
23099010
23099010
23099010
23099010
23091000
23099010
23099010
23099010
23091000
23091000
23099010
23099010
23099010
23099010
23099010
23099010
23099010
12345678
23099010
23099010
23099010
23099010
23099010
23099010
23099010
12345678
23099090
23099010

23099010
65050032
61052000
61046300
61103000
61103000
61103000
61178090
23099010
23099010
23099010
23099090
23099010
23099010
23004010
23099010
23099010
23099010
23099010
23099010
23099010
23099010
23091000
23091000
23091000
23099010
23099010
23099010
5119190
23099010
23099010
23099010
5119190
23099010
23099010
23099010
5119190
23099010
23099010
23099010
23099010
23099010
29350011
23099010
23099010
53050090
23099010
23099010
5119190
5119190
23099010
23099010
23099010
5119190
23099010
5119190
23099010
53050090
23099010
23099010
23099010
23099010
23099010
23099010
23099010
23099010
94017900








39269090



12345678
12345678






12345678
30049069
28051200
39269090
12345678
12345678



12345678




42010090
23099010
23099010
23099010
23099010
23099010
23099010
23099010
23099010
23099010
23099010
23099010
23099010
23099010
23099010
23099010
23099090
12345678
23099010
5119190
5119190
5119190
23099010
23044010
23044010
12345678
12345678
12345678


12345678
12345678
12345678
12345678
12345678
12345678
12345678
12345678

12345678
12345678
12345678
12345678
12345678
12345678
12345678
12345678
12345678
12345678
12345678
12345678
123456789
12345678
12345678
12345678
12345678
12345678
123456789
12345678
12345678
12345678
12345678
12345678
12345678
12345678
12345678
12345678
12345678
12345678
12345678
12345678
12345678
12345678
12345678
12345678
12345678
12345678
12345678
12345678
12345678
12345678
12345678
12345678
12345678
12345678
12345678
12345678

12345678
12345678
12345678
12345678
123456789
12345678
39269090
73269000
73269090
12345678
73269090

73269090
73269090
73269090
12345678
12345678
36269090
73269090
73269090
73269090
73269090
12345678
12345678
73269090
73269090
73269090
73269090
73269090
12345678
73269090
73269090
73262000
73269090
73269090
73269090

73269090


73269090
12345678
12345678
12345678
12345678

12345678
12345678
12345678
12345678
12345678
12345678
30049063
30049099
30029091
30029091
12345678
12345678
12345678
12345678
12345678
12345678
12345678
12345678
12345678
12345678
12345678
12345678
12345678
12345678
12345678
12345678
12345678
12345678
12345678
12345678
12345678
12345678
29369000
38089991
30049079
30044090
30049024
84142000
99999999
82119290
82032010
82032010
82031020
82032010

39231090
39231090
39231090
84248990


85061020

82142000
82052000

95066900
82142000
39249000
23099010
23099010
23099010
23099010
23099010
23099010
23099010
23099010
23099010
32041990
29214311
29181500
28311029
28311029
28332200
28470000
23099010
5119190
28061020
29419041
38085029
5119190
23099010
39269090
39269090

30049069
30049069
30042099
23099010
23044010
23044010
38089199
38089199
30043210
30043290
12345678
12345678
12345678
23099010
23099090
23099010
23099010
23099010
23099010
12345678
12345678
12345678
12345678
12345678
12345678
12345678
12345678
12345678
12345678
12345678
12345678
12345678
12345678
12345678
12345678
12345678

12345678
84581191












82119320



23099010
25084090
23091000
23091000
23091000
23099010
23091000
23091000
23091000
23099010
23091000
23091000
23099010
23091000
23099010
23091000
23091000









9030090
9021000
9030090
9021000
9021000
9021000
21069010
21069010
9021000
21069010
9021000
82149090



























23099010
12345678
23099010
23099010
23099010
23099010
23091000



23091000
23099010



23091000
23099010
23099010
30045090
25201250
38086990
30049063
38086990
38086990
38086990
30043936
90183219
40151900
30059090
91183119
90183119
90183119
23099010
12345678
230909010
23099010
23099010
23099010
23099010
23099010
23099010
23099010
23099010
23099010
23099010
93040000
93040000
93040000
93059900
93040000
93040000
87168000
93040000
93062900
38089119
12345678
95073000
95073000
95073000
95073000
95073000
95073000
95073000
95073000
95073000
95073000
95073000
95073000
95073000
95073000
95073000
95073000
95073000
95073000
30042099
23091000
23091000
23091000
23091000
23091000
23091000
23091000
23091000
23091000
38089324
95073000
30029091
39249000
96039000
95073000
95073000
95073000
95073000
30029091
30029091
30029091
30029091
30029091
30029091
65040090
64039990
39262000
62011300
62011300

30049063
30042099
30042099
30041012
30041012
30049079
30049079
30049079
30049099
11111111
84361000
38089192
38089199
30049099
30049099
30049059
30049096
30049099
30041019
23099090
30045090
30049099
29362190
38089199
38089199
84248990
23099010
64019200
27101932
34031900
61169900
38089199
42032900
40151900
40151900
40151900
38089119
84248111
90049020
90049020
39249090
82032010
82031010
90178010
82021000
82032010
82015000
84032010
82130000

39269090
82016000
39174090
82013000
38089199
38089199
38089199
38089199
38089199
38089199
23099010
23099010
23099010
23099010
23099010
23099010
23099010
23099010
56075011
56075011
56075011
56075011
56075011
56075011
56075011
56075011
56075011
95071000
95071000
95071000
95071000
95071000
95071000
95071000
56074900
95071000
95071000
95071000
95071000
54041990
95071000
95071000
95079000
95079000
56075011
56075011
56075011
56075011
56075011
56075011
56075011
56075011
56075011
56075011
56075011
56075011
56075011
56075011
56075011
56075011
56075011
56075011
56075011
85131090
85131090
23099010
23099010
23099010
23099010
23099010
23099010
23099010
23099010
23099010
23099010
23099010
42010900
23099010
23099010
23099010
23099010
23099010
23099010
23099010
23099010
23099010
23099010
23099010
23099010
30049046
95066100
39151000
23100990
23099090
23099090
23099090
23099090
23099090
23099090
23099090
23099010
23099090
23099010
23099090
23099010
23099010
23099090
23099010
23099090
23099010
23099010
61091000
61091000
61091000
23099010
23099030
12345678
95071000
95071000
95071000
95071000
95071000
90041000
90041000
90041000
95066200
85131010
84702900
85131010
85183000
85437099
85131010
85131010
85131010
85131010
85131010
85131010
85131010
85131010
85131010
85131010
85131010
85131010
95072000
95072000
95072000
95072000
95072000
95072000
95072000
95072000
95079000
95079000
95079000
95079000
95079000
95079000
95079000
95079000
95079000
95079000
95079000
95072000
95072000
95072000
95072000
95072000
95072000
95072000
95072000
95072000
95072000
95072000
95072000
56074900
56079090
56072100
56081100
56081100
56081100
56081100
56081100
95079000
95079000
39249000
39249000
39231010
39231010
42021210
39231010
30049059
34029019
23099090
65040010
65059000
96170010
76129090
96170010
96020090
93062900
93062900
93062900
93062900
93063000
93063000
95079000
95079000
99999999
39249000
39249000
76151000
76151000
42029200
39231090
96170010
96170010
82019000
82119320
82119320
82119320
39249000
84248129
39249000
82119210
85131010
85121000
39269090
62160000
39269090
85131010
38089119
30045090
30033999
30049024
30049077
30044090
30042099
30042099
30042099
23099090
73269090
23091000
38089119
30049099
30021016
84244100
84248990
38089199
38081099
38089199
30049099
23099010
25081000
25081000
65069100
65040010
65040010
65040010
65040010
65070000
65040010
23099090
23099010
23099010
23099010
23099010
23091000
23099090
95072000
95072000
95072000
95072000
95072000
95072000
95072000
95072000
95072000
96162000
82142000
82121020
39249000
95030099
39249000
82142000
85061020
85061020
96170010
39233000
23099010
42033000
42033000
42033000
42033000
95072000
95072000
95072000
95072000
95072000
95072000
64034000
64034000
64034000
64034000
95072000
95072000
95072000
95072000
95072000
95072000
95072000
95072000
95072000
95072000
95072000
95072000
95072000
95072000
95072000
95072000
95072000
95072000
95072000
95072000
95072000
95072000
95072000
95072000
95072000
95072000
95072000
95030099
95030099
95030099
95030099
95030099
95030099
95079000
95079000
95079000
95079000
95079000
95079000
95079000
95079000
95079000
95079000
95079000
95079000
95079000
23099010
23099010
23099010
23099010
23099010
95073000
95079000
23099010
95079000
61130000
61130000
61130000
61130000
61130000
61130000
61130000
61130000
61130000
61130000
61130000
61130000
61130000
61130000
61130000
61130000
61130000
61130000
61130000
61130000
61130000
61130000
61130000
61130000
61130000
22011000
