7898315811199
7898049717569
7896006200482
7896006210191
7896006211310
7896006200079
7896006219309
7896006220909
5997776556761
7896006218265
5906552053059
5343441828150
1600680327979
7898927674922
7896006209362
7896006202745
7896006206156
7896006206163
7896006236467
7896006240181
7896006227205
7896006225775
7896006223429
7896006208914
7896006201670
7896006227410
7896006217176
6848749737252
7896006217190
8948690528058
7898049710379
7898049710386
7898049710935
7898049711086
7898049710997
7898049711116
7898049716609
7898049717729
7898049717866
7898049711161
7898315810062
7898049718221
7898049718269
7898049718238
7898049718245
7898049718252
7898049717705
7898315810390
7898315810123
7898315810413
7898315810321
7898315810017
7898315810024
7898315811021
7898315811038
7898049718047
7898049718061
7898049718054
7898490095186
7898490095216
7898490095179
7898490095193
7898490095353
7898490095360
7898490095131
7898490095117
7898490095155
7898490092833
7898490095124
7898490092796
7898490095285
7898490095322
7898490092819
7898490095230
7898490095247
7898490095261
7898490095254
3053672136734
7898490098576
7104541249577
7898490098590
6545584606933
7898490098811
7898490098620
7898490098835
7898490098651
7898490098897
7898490098859
7898490098880
7898490092529
7898490092062
7898490092079
7898490092055
7898490092048
7898490092512
7898490092505
7898490093458
7898490093465
7898490093434
7898490093441
7898490093472
7898490092857
7898490093755
7898490093724
7898490093731
7898490093748
7898490092864
7898490093717
7898490093793
7898490092871
7898490093786
7898490093809
7898490093779
7898490093823
7898490093847
7898490092888
7898490093854
7898490093830
7898490090136
7898490092321
7898490090594
7898490092482
7898490090525
7898490097524
7898490097531
7898490090518
7898490097043
7898490097036
7898490090495
7898490090501
7898490091669
7898490091652
7898490090570
7898490091645
7898490091638
7898490095094
7898490095902
7898490097548
7898490097913
7898490097906
7898490097920
7898490095919
7898490095933
7898490095926
7898490093502
7898301743510
7898490092581
7898490092574
7898301743497
7898490092567
7898490092550
7898490091683
7898490091676
7898490090563
7898490090556
7898490097654
7898490090778
7898490090730
7898490090808
7898490094257
7898490094233
7898490094288
7898490094271
7898490094202
7898490094219
7898490090143
7898490092598
7898490092673
7898490094578
7898490094554
7898490094585
7898490094561
7898490093526
7898490090167
7898490092734
7898490090150
7898490092604
7898490092628
7898490093540
7898490090181
7898490092680
7898490090174
7898490092635
7898490094608
7898490094592
7898490090198
7898490094103
7898490090211
7898490093533
7898490092611
7898490094110
7898490094127
7898490094134
7898490090105
7898490090082
7898490090075
7898490090099
7898490095278
7898490097623
7898490091485
7898490090433
7898490090068
7898490096435
7898490091799
7898490090723
7898490097791
7898490092246
7898490097449
7898490097579
7898490090815
7898490090389
7898490092330
7898490092345
7898490092369
7898490092376
7898490095209
7898490095162
7898490092765
7898490091225
7898490097760
7898490097777
7898490091034
7896006203469
7896006202752
7896006212768
7896006212805
7896006200659
7896006207795
7896006240235
7896006200505
7896006251200
7898944164703
7898944164321
7898944164338
7898944164345
7898944164376
7898944164383
7898944164369
7898944164352
7898944164758
7898944164741
7898944164116
7898944164147
7898944164208
789894416185
789894464079
7898944164260
7898944164017
7898944164284
7898944164291
7898944164673
7898944164659
7898944164697
7898944164642
7898944164666
7898944164680
7898944164611
7898944164529
7898944164482
7898944164505
7898944164468
7898944164581
7898944164499
7898944164451
7898944164475
7898944164550
7898944164567
7898944164512
7898944164536
7898944164598
7898490091201
7898490092994
7898490091560
7898490093915
7898490091379
789849091539
7898490091591
7898490092925
7898490093922
7898490093939
7898490097074
7898490096169
7898490097470
7898490096473
7898490096060
7898490096077
7898490096220
7898490096183
7898490098729
7898490098743
7898490098699
7898490097814
7898490097845
7898490097869
7898490096855
7898490096459
7898490099559
7898490099566
7898490099573
7898490099580
7898490099597
7898490091362
7898490099948
7898490099931
7898490099924
7898490099696
7898490099542
7898490099535
7898490099528
7898490099511
7898490099320
7898490090846
7898490096268
7898490091188
7890922133091
7890922133084
7890922133077
7890921819989
7890921819996
7890922133800
7890921985196
7890922133824
7890921820695
7890922133206
7890922134098
7890922134104
7890921985363
7890921985646
7890921984977
7890921985332
7890921985677
7890922133039
7890921985240
7890921985233
7890921629267
7890921629250
7890922117817
7890922117718
7890922117763
7890921986049
7890921986032
7890921986025
7890919947182
7890918366104
7890918386111
7890918386128
7890918386135
7890918386142
7890918386159
7890918386166
7898006195614
7791432010202
7898079240075
7898096852374
7898096852244
7898096852367
7896185970930
7896185970947
7891106003308
7898906904439
7898906904446
7014946546402
7896720320015
7898043432895
7898043432888
7898417659255
7898006194273
7896500408452
7898006193948
7891126002015
7891106002363
7898006194037
7898096852282
7896185952400
7898019864040
7898053772769
7898121840451
7897590511510
7892058102651
7898232032233
7898512301233
7896500400432
7898904146077
7898904146312
7891126001537
7896210503546
7891126001063
7891126001186
7891126001124
7891126001094
7891126003593
7891126002329
7798042361036
7798042361076
7898904146893
7898904146954
7898904146930
7898396112062
7898396115896
789839615889
7898396110495
7898396112260
7898396111058
7898396110471
7898396115551
7898396117531
7898396111829
7898396111744
7898396111737
7898396114387
7898396119863
7898396114424
7898396110167
7898396113199
7898396115162
7898396118170
7898396116701
7898396117340
7898396110570
7898396110488
7898396114189
7898396110440
7898396118019
7898396113168
7898396113151
7898396117043
7898396117036
7898396115568
7898396118057
7898396118040
7898396118071
7898396118026
7898396118064
7898396117975
7898396118033
7898396113427
7898396112123
7898396112130
7898396112086
7898396118224
7898396118316
7898396118293
7898396112116
7898396112093
7898396117623
7898396118163
7898396111768
7898396111799
7898396118088
7898396116251
7898396116206
7898396119955
7898396111713
7898396111690
7898396119931
7898396115513
7898396111249
7890922134432
7890922134500
7890922134463
7890921816520
7890921816421
7890921816445
7890921816452
7890922137792
7890922137761
7890922137822
7890921816551
7890921816544
7890921816537
7890921993801
7890921993795
7890921993818
7890921822705
7890921822682
7890921822699
7891234521675
7898301740687
7898301740700
7898301740922
7898301745965
7898463410398
7898463410435
7898463410442
7898463410428
7898463410374
7898463410367
7898091130019
7898091130057
7898091130026
789839611734
7898396111720
7898396119160
7896183300845
7896183300821
7896183300838
7896183301767
7896183306755
7896183306748
7896183306762
7896183301132
7896183300852
7896183303426
7896183305055
7896183303396
7896183302139
7896183306786
7896183301293
7896183301316
7896183301309
7899739279213
7898602025254
7892505032553
7890001005738
7890001005660
7890001005745
7896001005752
7890001005684
7899527126866
7899527126859
7898252010013
7898903706102
7898905706010
7898490093656
7898490099979
7898490090877
7898490090853
7898490090860
7898490098958
7898490094738
7898490098194
7898490093250
7898490097746
7898490097999
7898490098088
7898490097609
7898490099016
7898490097890
7898490097630
7898490091898
7898490093687
7898490091010
7898490091133
7898490091126
7898490091140
7898490092109
7898490092390
7898490093151
7898490099009
7898490094776
7898490097500
7898490097883
7898490097982
7898490098248
7898490094158
7898490094455
7898490094431
7898490097012
7898490092413
7898490093212
7898490097005
7898490096725
7898490097159
7898490097432
7898490096756
7898490097029
7898490096749
7898490096701
7898490096732
7898490096787
7898490096770
7898490096763
7891000370902
6948344910484
6948344910491
6948344910804
6948344910798
6948344910774
789849009777
7896737102536
7896737100204
7896737105315
7352010040136
7352010038010
7352010038188
7898615154781
7898615154767
7898615154712
7352010041430
7352010041362
7898909001197
7898909001203
7898909001210
7897186048079
7898927674755
7898927674830
7898927674786
7895097903609
7896183304140
7896183301484
7896183301453
7896183300920
7898596241241
7898348682933
7898348681516
7898959358135
7436199872754
9873196948323
7898315810635
7661372497671
9567953101365
6235700133251
4718231423753
3340241382839
3428389877087
6514280959964
6738887145180
8548801676373
4616990294303
5916634076272
6806776183657
5264287078755
5790704665708
1613292801195
1008085524663
7147120083681
3197746155785
9518058467658
5697222468449
2067362642840
9915538877240
4764146660455
7121337344872
4961658753457
9046697760934
1967884418552
8941954928458
1490027057009
7369424956854
9725653617641
5056896116580
1645495207047
4517858577890
8415546645417
7624788703392
7554917861702
9177746931095
6649784762410
2189785889357
5684046247046
5209631468172
4685003715562
3742761500180
5121313519777
8067641090601
8906276971100
6830194867219
1229861737224
4753911807201
5985001553784
7746972669847
6131151379081
1591805908824
3663606750778
9020315697413
3692192635497
7877259124077
3761803656814
4214366809467
7898904628153
7896029028407
7896029028384
7898602025094
7898636290048
7896029028391
7896029041949
7896029041932
7896029018194
7896029017210
7896029052327
7896029052341
7896029095645
7896029069196
7896029006719
7896029079522
7896029079560
7896029079508
7896029052303
7896029052310
7896029022252
7896029015001
7896029022269
7896029022245
7896029022276
7896029007112
7896029007129
7896029086827
7896029079485
7896029079447
7896029046555
7896029046623
7896029047279
7896029046173
7896029047101
7896029046197
7896029046562
7896029046609
7898913482043
7898913482050
7898906901919
7898906901377
7898360462162
7898585381644
7898374660974
7898306400159
7898506650064
7898506650057
7898506650071
7898494930513
6924781213760
7898483552986
7898627461723
7898627461730
7908119212303
7898910690052
7896779811816
6920042822504
6920042803350
7898558240633
7898955236291
7898955236048
7898957774517
7898410643275
7898410643831
7898410643169
7898410643565
7898410643077
7898410642995
7898410644074
7898410643497
7898410643398
7898410642919
7898410643848
7898410645033
7898410643596
7898410643626
7898410645040
7898410645316
7898410644197
7898410644081
7898410644463
7898410645286
7898410642179
7898410642247
7898410642377
7898410642193
7898410645439
7898410642230
7898410644654
7898410644876
7898410642209
7898410644586
7890922137044
7890922136962
7890922136986
7890922137013
7890922137037
7890922137051
7890922136818
7890922136825
7890922136832
7890922136740
7890922136757
7890922136764
7890922134128
7890922137198
7890921986728
7890921635718
7890921635701
7890921635725
7890921635633
7890922135798
7890922135804
7890922135729
7890922136535
7890922135354
7890922135361
7890922135378
7890922135286
7890922135293
7890922136269
7890922136276
7890922136283
7890922136191
7890922135576
7890922135583
7890922135590
7890922135507
79890922135248
7890922135255
7890922135262
7890922135170
7890922135187
7896020691129
7896020633105
7896020633129
7896020618096
7896020619628
7896020619697
7896020618041
7896020617877
7896020617839
7896020618058
7896020617815
7896020618317
7896020618010
7896020618034
7896020618027
7896020618218
7896020617808
7896020618225
7896020618126
7896020618980
7896020618966
7896020619024
7896020619017
7896020615514
7896020618881
7896020693963
7896020694441
7896020694434
7896020620013
7896020621201
7896020620020
7896020610489
7896020636274
7896020630050
7896020630036
37020000171
7896693811909
40028000288
401150000979
350390000716
7428326821698
7428326821766
7899005600116
7897432700034
7897432700010
7897432700355
7897432700072
7896693810650
7896693810636
7896693810049
7897432700140
7897432701383
7896693810438
7896693811954
7898637940935
742832744102
742832682206
7896403245208
7896403245215
7896403245222
7896403245239
7896403245246
7896403245581
7896403245512
7896403208661
7896403208678
7896403221912
7896403222919
7896403208470
7896403208623
7896403208807
7896403214860
7896403214853
7896403208616
7896403208630
7896403220403
7896403204830
7896403207190
7896403201020
7896403209408
7896403201037
7896403201044
7896403201051
7896403201068
7896403200528
7896403200535
7896403200542
7896403200559
7896403200566
7896403200573
7896403200580
7896403200597
7896403200603
7896403227105
7896403227009
7896403227082
7896403227075
7896403222964
7896403222971
7896403227426
7896403203208
7896403203406
7896403206650
7896403206667
7896403206810
7896403201426
7896403201419
7896403201457
7896403202515
7896403227952
7896403226986
7896403227846
7896403225408
7896403227464
7896403227501
7896403227518
7896403227488
7896403227495
7896403225354
7896403226634
7896403226412
7896403207008
7896403208326
7896403210510
7896403210527
7896403210534
7896403210541
7896588951598
7896588951611
7896588951604
7896588951628
7896588951635
7896588951659
7896588951642
7896020693802
7896020693949
7896020694052
7896020693970
7896020690948
7896588950362
7896588950218
7896588950164
7896588950355
7896588950034
7896588935246
7896588935192
7896588950171
7896588951970
7896588948925
7896588949014
7896588949076
7896588949786
7896588949793
7896647101117
7896647107393
7896647104484
7896647104293
7896647104583
7896647104651
7896647104347
7896647104941
7896647104439
7896647104132
7896647103241
7896647103814
7896647101131
7896647101285
7896647102657
7896647102992
7896647102855
7896647102770
7896647103357
7896647102763
7896647101889
7896647102268
7896647101094
7896647101261
7896647101247
7896647102589
7896647104729
7896647101827
7896647102206
7896647102671
7896647102091
7896647103531
7896647103111
7896647103548
7896647103586
7896647104248
7896647104392
7896647101353
7896647101643
7896647104415
7896647101582
7896647102312
7896647102350
7896647102633
7896647103777
7896647103944
7896647103869
7896647103593
7896647104170
7896647104033
7896647101810
7896647102046
7896647104927
7896647104613
7896647101674
7896647103753
7896647105917
7896647104491
7896647104767
7896647103128
7896647104675
7896588952014
7896588936649
7896588936724
7896588948123
7896588935253
7896588935208
7896588950324
7896588950041
7896588944163
7896588950133
7896588950416
7896588950126
7896588950317
7896588950089
7896588944156
7896588950379
7896588950232
7896588950188
7896588955244
7896588955237
7898363312877
7898363310781
7898363313416
7898363312716
7898363313591
7898363313607
7898363313140
7898363313157
7898363312297
7898363312815
7898363311924
7898363313997
7898363313409
7898363313942
7898363312655
7898363313362
7898363312822
7898363313645
7898363313508
7898363313355
7898363313669
7898242031431
7898242032230
7898242032070
7898242032292
7898242031448
7898242032025
7898242032124
7898242031769
7898242031561
7898242031974
7898242031608
7898242031547
7898242032018
7898242032063
7898242031950
7898242032179
7898242032117
7898242031424
7898242032346
7898242032285
7898242031806
7898242031882
7898242031967
7898242032971
7898242032964
7898127061782
7898127060952
7898127060815
7898127060808
7898127060969
7896181211730
7896181211709
7899751102995
7897186060965
7897186078182
7896980402308
7898378693985
7897186048000
7897185993547
8917077435180
6162810036915
7896181212126
7896181297789
7896181212430
7896181297925
7896181214724
7896181214731
7896181214700
7896181214717
7896181214960
7896181215004
7896181213024
7896181215752
7896181213604
7896181213666
7896181213529
7896181213642
7896181216575
7896181213970
7896181213857
7896181216032
7896181216025
7897348204459
7897348204442
7897348204466
7897348206033
7897348204886
7897348204534
7897348204558
7897348205685
7897348205678
7897348205661
7897348203490
7897348203711
7897348201021
7897348203810
7897348206316
7897348203742
7897348205296
7897348204121
7897348205265
7897348203872
7897348203858
7897348205289
7897348205258
7897348206323
7897348203889
7897348204619
7897348205852
7897348203483
7897348203728
7897348203421
7897348204657
7897348203445
7897348203506
7897348204381
7897348201274
7897348202097
7897348202325
7897348202356
7897348202332
7897348202301
7897348202387
7897348202370
7897348204350
7897348202363
7897348205180
7897348205173
7897348203131
7897348203292
7897348203964
7897348203933
7897348206125
7897348206095
7897348203285
7897348203308
7897348203261
7897348203223
7897348201113
7897348201014
7897348205494
7897348205487
7897348205500
7897348201076
7897348200840
7897348203063
7897348203049
7897348201069
7897348202158
7897348204909
7897348203278
7897348204374
7897348202141
7897348200604
7897348205302
7897348202691
7897348204978
7897348205319
7897348201151
7897348200703
7897348203636
7897348203391
7897348201083
7897348204008
7897348200741
7897348201090
7897348202134
7897348202974
7897348203803
7897348206408
7897348206309
8627765513952
5492175314573
9102081968451
5351009252484
6251806672661
2873200550679
5460937432940
7897348204879
7897348203544
7897348203537
7897348205876
7897348204633
7891000102190
7891000102237
7891000116678
7891000116616
7891000116654
7891000108659
7891000097465
7891000060230
7891000117026
7891000115862
7891000115824
7891000115909
7891000077276
7891000069417
7891000069431
7898932101291
7898932101260
7898932101178
7898932101277
7898932101321
7898932101130
7898932101338
7898932101284
7898932101314
7898932101253
7898932101376
7898932101536
7898932101147
7898932101307
7898932101246
7898932101611
7898932101079
7898932101222
7898932101192
7898932101215
7898932101505
7898932101017
7898932101031
7898932101024
7898932101574
7898932101567
7898932101499
7898932101529
7898932101062
7898932101086
7898950988270
7898950988331
7898950988188
7898950988591
7898950988522
7898950988294
7898950988478
7898950988553
7896020621010
9929978777657
3087990758941
6754276640715
4281525798146
3623271258542
4774220553221
3198603237989
1690912349152
7898450361443
3794536255306
6890795873477
5452716005964
1671795379375
3215697947898
2467662552373
7669571936137
3088894896210
751320380302
751320380319
751320380203
7066097613427
7898324770050
7898069916003
7896779810000
5330944433806
3837651428764
1280464427547
1493754470721
4015489616433
9908229941504
2150832684713
3117571584888
7898963798019
7898963798026
2781430492174
7896108806285
7896108806308
7896108806292
7896108806315
7896108804397
7896108810862
7896108863011
7896108809866
7896108808814
7896108802928
7896108805073
7896108805080
7896108802836
7896108809019
7896108806339
7898555411142
8402639357371
7898932101512
7898932101604
7898932101369
7898932101680
7898932101123
7898555411029
7898555411012
1
2
3
4
5
6
7
8
9
10
11
12
13
14
15
16
17
18
19
20
21
22
23
24
25
26
27
28
29
30
31
32
33
34
35
36
37
38
39
40
41
42
43
44
45
46
47
48
49
50
51
52
53
54
55
56
57
58
59
60
61
62
63
64
65
66
67
68
69
7898490091539
7898601812787
7898601812428
7898601811049
7898601813937
7898601812091
7898601812664
7898601814231
7898601813944
7898601814224
7898601812411
7898601810042
7898601814248
7898601810073
7898601810059
7898601812558
7898601812084
7898601814484
7898601812633
7898601813029
7898601814392
7898601812671
7898601812770
7898601813173
7898601813012
7898601813463
7898601812992
7898601812695
7898601812640
7898601812602
7898601812541
7898601813159
78986018113524
7898601814439
7898601814446
8468580842014
8273605806755
3863576790310
3672994943334
2133181514214
5600441955034
1419967613182
8118183068006
6348583628421
5083574363967
9301771065221
7898315810666
7898049718948
7898315810833
7897085902335
3903501490134
2950199255720
8014914318924
9185899388970
7469871314242
2733145742679
2526140771801
7037824415607
3996961773374
2696577021852
2389900912537
4754104255694
5124465911659
5536751858898
3660381226801
2980463686400
8201661272900
8357362863609
2449754257687
1874656216240
8050196212710
3294623834082
7898121840116
7896185983312
7896210500552
7896210503614
7791432010219
7897186021904
7897186076430
7899751100236
7899206132447
7899206132423
7899206165612
7897186012544
7899755673286
7897008910355
7897008910218
7897764800099
7897186001340
7899600912270
7908028202860
7899790909449
78982800074636
7896980401035
7899206165674
7896980402995
7897186063164
7897186048123
7896766000650
7896108807039
7896108807046
7896108810015
7896108810022
7896108805035
7896108805004
7896108806049
7896108806056
7896108805059
7896108820021
7896108820007
7896108891625
7896108810329
7896108810336
7896108821066
7896108824043
7896108805011
7896108812750
7896108821042
7896108822001
7896108824067
7896108812767
7896108803017
7890001005752
7890001004342
200
7891217008452
7891217008469
7896185970923
8713184136893
8713184136992
8713184137012
8713184137043
8713184137036
7896185971173
7896185971180
400
402
401
7352010868976
6413789511386
6413789551091
6413789510846
6413789511522
6413789511454
7513207009408
7513207009330
7513207009262
7513207009576
201
202
203
204
205
206
207
208
209
210
211
224
212
213
214
7898930694016
215
216
217
218
219
220
221
222
8608727445825
4398779845790
8378198198048
7898380870176
7898380870381
7895687001548
7895687001524
249
7898138001333
7896015601164
7891000244661
7891000244074
7891000113066
7891000115800
7891000118092
7891000118085
7891000118061
7891000115886
7891000118108
7891000115763
7891000118115
7891000118054
7891000118078
7891000115787
7891000115848
250
251
252
253
254
255
256
257
258
7897504101530
7897504101738
7897504101660
7897504101400
7897504101462
7897504101585
7897504101479
7897504101608
7897504101356
7897504101509
7897504101349
7892312495031
8302281335928
8726059645413
8804075489751
101
102
103
104
105
106
107
108
109
110
111
112
113
114
115
116
117
151
119
290
291
292
293
294
7896029069172
7896029095751
7896029006672
7896029064344
7896029077245
7896029007259
7896029087015
300
301
999
7891000069455
7891000069462
150
152
153
7898903295295
7898903295943
7898903295325
7898043434608
7898133134784
5023534030690
7898417651525
5023534030706
5023534030713
5023534030720
7898417650733
1252480591649
7898945443043
7898488470384
7891463003249
7891463000378
7891463000408
7898242032186
302
303
304
305
306
307
308
309
310
311
312
313
7898580108017
7898580108024
7898580108048
7898580106184
7898580108406
7898580101797
7898580105641
7898580107874
7898580103708
7892182430200
9681649999699
43178581315
431785813224
431785812616
431785812784
431785812852
431785812920
7898480959719
7898480959726
7898480959672
7898480959689
7898480959696
7898480959702
7898480957661
7898480957678
7898480957685
7898480957692
7898480957708
7898480957715
7896006200598
314
315
316
317
318
319
320
321
322
7898908370218
4718008749840
7898315811946
7890001250046
7890001250015
8800550800592
8800550800608
8800550803500
8800550800585
6818989808678
7151521313933
9552135556002
2964520752437
4189345734194
3549097329375
7897668800249
5661097774288
40232800030
402328000470
40232800054
9980000393771
7898315810208
7898049718085
7898049718092
4655560031535
5938998241905
7898049718160
7898049718153
7898049718146
7896006248576
7898932650096
7898932650102
7898019860011
7898186009343
7898049716685
7896185951489
7898006193153
7898586870833
7898416701924
7898259440400
7898586870413
7897614100249
7898172277701
7898364910058
7898908542165
7898216584727
7891988002635
7908232700411
9780025943186
7898436150184
7898193140435
1475750100796
7898641570012
606529244064
7898390942849
7898390942832
7898390942825
7898374662794
7891638053611
7898390940456
7898390940432
7898234196339
7898105773737
7898234196926
7898105776516
7898234191686
7891638012380
7891117007128
7898105773720
7898234199118
7899917700218
7898234195936
7898234191761
7891117030775
7898234190306
7898053770239
7898053772578
7898053772554
7898053772547
7898053772530
7898053772592
7897348204213
7897348206651
7897348206675
7897348206695
7897348206712
7897348206644
7897348206705
7897348206668
500
501
502
503
504
505
506
507
508
4713218509819
4713218509765
4713218509796
4713218509802
4713218509741
4713291442324
4713218509789
4713218509758
4713218509828
4718037453190
4718037453169
4718037453138
4718037453176
4718037453206
4718037453145
4718037453183
4718037453152
7659219950434
3224889631385
9442716464409
5961501291029
1950949276792
8246791954159
7213981882678
1632599276499
5065781767486
7652361867957
8784120590420
4617917323489
2973466324622
8167014652860
6277980399316
7629026356156
4106012899420
6693182429291
7409052303993
6926528488066
6926528460000
323
324
325
326
327
328
329
330
331
332
333
5581763000223
334
335
336
337
338
339
340
341
342
343
344
2000000000008
7896006240228
4075583256782
7898917423172
7898932101154
7898025920143
7898025920112
7898025920105
7898025920730
7898025920754
7898025922956
346
7898025920389
7898025923373
7898025923304
7898025921409
7898025920044
7898025921331
7898025920709
7896181213826
7896181212324
7896181211822
7897348202431
2760489629588
9677411378366
2432946125048
7897348201144
7897348205708
7897348204114
509
510
8800550311616
8800550311609
511
512
2000000000015
514
6939020441453
6939020440364
6939020441439
6939020440876
6939020440708
7800003030034
8800550110196
7800003031116
6939020443983
7800003030041
8800550006161
6939020403062
6939020403093
6939020403246
6939020403697
6939020403277
6939020403086
5210243891920
7899088220201
7899088206915
7899088209602
7899088209619
7899088200227
7896411439842
7899088230101
7899088209596
7899088202917
7899088202924
7899088202900
7899088202894
7899088201392
7899088201408
7899088201644
7899088208742
4713291445509
4713291445493
4713291445486
7899088210097
7899088203242
7899088211698
7899088202146
7899088202931
7899088202955
7899088210899
7899088210912
7899088210936
7899088210943
7899088210967
7899088210974
7891289082930
7891289076335
7891289074072
1552067594606
2923490502879
3260440104646
4846691428688
1532217953354
5259174378582
3201711815786
5379785825494
6811241977846
7898914878166
7898914878586
7898280070423
7898914878081
7898049718214
7898315810819
7898315811052
7898961291024
6125202318655
7898909861012
8640225934791
7897955580519
78979555800441
742832622813
7898623430235
7898936926029
7898623430051
7898638570025
7898638570018
7898071960001
1657933406530
7898280074636
7898280075367
7898943560308
7898961930978
7898961930916
7899462120004
7898961930039
7898955019986
7898955019993
7896673107435
7891060989434
7899751100489
7891060989427
7899206166749
7897186009605
7898121650708
7899751100755
7897186038834
2010000003435
7897186051277
7899206171255
7897186062327
7898513877683
7898042361069
7891126001629
7898079240433
7898043434639
7898393750427
7896210503430
7898393750281
7898393750298
7898393750717
7898025922451
7657420272000
6299445885233
7891035024894
7896720320022
7898259447201
7898475793342
7893946171124
7894650130117
7894650079423
7891035620003
7894650013557
7891000091784
7896273800033
7896273805182
4882823037915
7100136741068
2260947176253
6833772314716
5346928695214
9474929063582
8466371591202
7896181212522
7896181218937
7896181213567
7896029052365
7896029043394
7896181297857
7896181212089
7899088209824
7899088209848
7899088209855
7899088209879
7899088209893
7899088209909
7899088209923
7899088209756
7899088209763
7899454415026
7896673112095
7899790908329
7899790912050
7897186075990
7897186076485
7897185993608
7899250604006
7899250603993
7898961930671
7898961930640
7898559420027
7127290931531
7250492186284
5030627786181
7744173551916
7899088209770
7899088209787
7899088209794
7899088209800
7899088209817
7899088209480
3197642443702
4022153951226
7852984871717
7303655343137
7899088209497
7899088209503
7899088209510
7899088209527
7899088209534
7899088209541
7899088209558
7899088200234
7899088211490
7899088209565
7899088209572
7899088209589
7899088210820
7899088210844
7899088210868
7899088210882
7899088209626
7899088209640
7899088209664
7899088209671
7899088209695
7899088210769
7899088210783
7899088210790
7899088210806
7899088210813
7899088203433
7899088203426
7899088203419
7899088203440
7899088203471
7899088203464
7899088203457
7899088201477
7899088201491
7899088201514
7899088204614
7899088211414
7899088204607
7899088204591
7899088211407
7899088211391
7899088234635
7899088233836
7899088220447
7021560046935
7898903295912
7898903295370
7898903295622
7898903295028
347
7898480936864
4713291444038
348
5262037175709
7898611313496
7898611313014
7898611313625
7898611313502
7898611312475
7898611313526
7898611313021
7898611313618
7898611313632
7898611313649
7898611313038
7898611313045
7899705900882
7899705900875
7899705900899
7899705901940
7899705900912
7899705901957
7899705900905
7899705900967
7899705901933
7899705900936
7899705900929
7899705900943
7899705900950
2885418343356
