51.15
4.58
19.8
25.09
74.82
16.83
42.3
35.63
48.45
60.06
29.57
41.14
49.01
4
37.2
26.9
41.95
74.17
25.65
45.82
51.42
39.36
41.58
5.74
8.8
15.5
27.39
17.83
9.55
2.4
158.27
11.51
7.33
9.41
13.36
6.74
14.52
13.72
12.16
13.94
11.64
125.76
171.26
124.08
130.17
139.63
21.62
18.08
16.69
10.34
21.99
20.41
9.57
13.53
17.2
43.37
71.26
60.46
23.49
23.49
23.49
23.49
21.14
21.14
34.99
34.99
34.99
34.99
34.99
34.99
34.99
30.23
34.99
54.95
54.95
54.99
54.99
32.3
32.31
32.3
32.3
32.3
44.81
53.79
53.79

83.71
83.71
83.71
29.37
29.37
29.37
29.37
29.37
29.37
29.37
48
48
48
48
48
48
76.1
76.1
76.1
76.1
76.1
76.1
108.74
108.71
108.71
108.71
108.71
217.55
217.55
257.1
257.1
257.1
55.1
34
24
15.99
17.2
14.34
14.34
12.42
10.79
8.6
9.08
10.89
2.45
2.45
2.45
2.45
2.45
14.34
14.34
15.1
14.34
14.3
14.34
14.34
14.34
14.3
19.9
19.9
13.38
12.14
19.9
10.9
9.27
4.9
4.91
24.56
30.59
31.55
5.91
3.26
12.23
10.57
8.29
18.01
13.5
5.34
6.004
9.9
10.51
14.38
7.36
6.14
7.82
6.7
19.99
11.11
12.99
10.89
11.47
12.42
21.59
12.42
15.48
12.42
13.38
8.93
8.38
7.45
15.29
8.6
20.79
12.14
18.37
21.45
25.58
51.3
32.33
29.75
46.17
54.94
11.1
8.43
31.62
8.61
8.04
15.39
6.39
4.9
6.36
3.08
28.33
23.8
28.31
97.46
97.46
97.46
97.46
23.49
23.49
21.64
5.22
4.9
3.99
3.49
57.91
48.06
26.13
59.55
28.26
20.15
8.95
23.89
19.48
8.7
8.7
8.7
8.7
1.8
1.8
1.8
1.8
19
7.41
8.3
6.6
5.85
6.51
7.35
6.15
9.9
7.41
7.35
7.75
7.75
7.75
12.1
12.1
12.1
11.15
16.5
16.5
16.5
16.5
16.5
6.6
6.6
6.6
6.6
6.6
6.6
6.6
6.6
5.24
2.05
1.74
1.41
6.39
5.11
5.11
3.38
2.42
3.35
6.15
4.79
9.07
13.69
7.49
12.95
17.94
15.38
20.25
20.25
20.25
44.99
44.99
44.99
6.27
9.59
1.6
1.6
2.4
4.79
5.59
11
0.1
9
8
7
0.06
0.05
4
3
2
3.39
2.95
6.68
66.41
85.41
104.41
81.61
62.61
75.91
59.42
75.91
104.41
94.91
113.9
94.91
113.91
84.92
81.52
113.91
84.92
94.914
76.42
93.42
34.47
42.42
100.61
189.91
123.41
66.41
18.76
92.06
15.2
10
15
20
25
30
35
45
3.32
10.98
15.09
9.48
14.97
22.65
11.58
21.64
14.96
8.22
8.05
8.85
5.54
9.83
13.61
23.8
45.03
6.89
7.61
18.09
42.75
15.53
11.51
2.87
7.17
15.25
13.77
15.97
7.21
20.49
18.38
1.11
0.39
1
9.32
4.96
8.15
8.35
9.15
9.32
8.06
12.26
23.16
24.35
6.57
6.53
6.53
7.45
7.56
7.56
7.29
8.29
7.79
7.29
25.45
18.65
12.89
4.02
3.87
1.33
1.33
1.33
2.88
1.75
1.75
6.11
5.55
7.29
7.79
7.29
3.81
4.09
4.9
1.75
1.75
2.02
2.02
3.99
7.5
3.96
2.09
3.16
3.6
3.87
1.79
5.9
3.8
3.78
4.99
5.32
5.32
5.32
2.46
2.48
15.91
17.5
5.62
9.84
2.97
9.92
9.92
2.29
1.31
1.31
2.19
4.16
4.96
38.86
37.91
36.96
36.96
35.06
34.11
33.16
36.01
35.06
34.11
35.06
36.01
37.91
41.71
40.76
39.81
39.81
40.76
41.71
7
7.5
8.5
53
50
5.5
9.8
10
7.8
3.3
2.2
7.6
4.18
10.45
7.29
3.81
12.51
8.8
8.8
8.8
8.8
13.7
13.7
11
8.8
9.65
13.5
10.5
12.5
15.15
15
10.5
10.5
10.5
11
17.1
23.5
7.13
7.13
7.13
7.13
7.13
3.79
7.65
3.67
4.3
2.77
10.5
20.79
8.69
4.79
7.24
12.88
10.79
12.95
26.32
13.92
13.92
19.5
14.47
11.54
12.49
12.25
18.14
11.91
9.4
3.43
2.08
4.47
6.97
4.79
8.39
6.7
4.27
6.7
3.24
6.09
7.59
6.97
11.98
5.87
6.28
3.19
4.51
5.35
13.58
5.7
4.99
13.44
13.58
7.43
5.35
5.35
13.38
9.4
4.53
5
31.87
51.71
75.63
57.76
41.6
3.99
8.51
8.51
8.51
3.29
3.29
3.29
10.7
13.2
13.2
7.49
6.49
5.59
5.59
5.59
15.54
12.3
10.8
14.37
57.99
36.55
10.67
17.25
4.9
3
4.11
8.1
5.5
11.18
31.05
2.9
12.62
33.85
39.7
41.25
46.73
57.82
79
10.56
15.84
21.12
26.39
31.68
10
73.39
83.67
99.05
80.81
99.21
114.64
30.4
40.54
50.64
16.15
12
16.15
12
16.15
19.11
22.98
18.91
17.6
8.78
8.78
8.78
8.78
8.78
10
12
17
7.35
14.7
22.05
22.05
36.75
44.1
10
8
10
7
7
1.76
3
3.34
10
1.52
6.4
4.15
2.7
2.1
13.49
8.54
3.78
3.78
11.16
16.73
3.78
7.52
11.08
1.6
1.6
3.49
3.84
14.17
13.17
13.75
4.17
4.17
4.17
2.88
2.88
1.58
1.58
1.58
1.58
1.58
16.53
16.53
17.37
4.17
4.17
1.71
1.71
1.62
1.62
1.62
1.62
1.62
1.62
4.4
5.9
43
31
18.65
3
9
8.59
3.7
3.7
3.7
6.38
16.01
1.35
1.55
2.65
4.85
1.55
8.5
13.83
23.83
7.07
1.71
3.9
25.83
86.83
39.23
33.73
19.36
27.84
32.54
11.88
63.18
56.15
35.63
37.9
68.31
45.7
80.56
29.64
23.18
82.18
46.74
67.54
26.31
25.55
34.1
30.59
32.49
42.75
35.82
35.82
35.05
28.69
26.79
20.81
22.71
24.61
18.91
19.86
21.76
15.11
16.06
17.01
17.96
18.91
19.86
18.91
23.66
32.21
22.71
21.76
23.66
24.61
21.76
22.71
24.61
23.66
13.21
14.16
15.11
16.06
17.01
25.56
26.51
27.46
28.41
29.36
30.31
31.26
32.21
13.21
14.16
15.11
16.06
17.01
15.37
19.31
15.42
32.08
39.39
51.32
14.65
23.6
28.07
21.78
17.57
10.98
3.95
5.35
4.7
10.73
10.84
12.15
5.35
14.82
3.3
29.89
13.5
4.26
21.09
48.46
35.09
35.09
13.01
15.95
31.48
94.27
48.06
61.67
30.37
15.78
4.6
13.5
32.55
45.9
6
6
49.76
24.25
13.09
24.5
13.17
13.9
19.8
11.8
148
143.35
115
115
99
11.98
5.44
5.78
7.79
10.48
14.06
21.65
4.45
9.4
2.87
2.71
3.61
3.61
7.45
3.28
3.28
8.37
8.37
7.89
7.48
5.36
8.5
8.37
1.51
2.34
3.14
5.09
6.97
12.44
0.79
1.1
1.27
1.69
2.14
2.21
2.8
3.96
4.97
2.35
2.35
2.35
2.35
9.31
9.31
9.31
10.65
3.83
2.92
3.37
7.02
5.42
4.56
8.73
10.42
27.85
19.38
79.65
36.45
5.57
7.3
7.3
9.3
9.3
43.89
84.61
50.77
1.39
1.39
10.87
14.34
19.86
27.16
2.99
2.99
2.99
2.99
2.99
2.99
2.99
59.6
59.6
59.6
48.46
22.32
73.91
51.83
53.72
56.94
69.17
47.22
45.09
74.22
152.53
2.38
3.32
3.47
3.47
3.47
0.75
1
1
1
1
1
1
1
1
1
0.75
0.75
0.75
0.75
0.75
0.75
0.75
0.75
0.75
0.75
0.75
0.75
0.75
0.75
0.75
0.75
0.75
0.75
0.75
0.75
0.75
0.75
0.75
0.75
0.75
1
1
0.75
0.75
1
0.75
0.75
0.75
0.75
0.75
1
1
0.75
1
1
0.75
0.75
1
1
0.75
0.75
1
0.75
1
0.75
0.75
131.59
127.52
127.52
88.8
60.98
58.23
94.05
89.52
53.03
96.07
61.67
74.21
70.55
78.04
43.48
96.33
94.05
99.14
43.04
55.57
14.33
7.65
4.5
6.21
0.66
0.66
0.66
0.66
51.54
49.09
97.63
43.45
97.1
50.22
55.32
81.15
81.81
78.47
77.1
77.1
82.85
49.93
137.07
121.36
139.22
65.23
121.36
121.36
103.5
105.65
80.67
60.65
60.65
64.22
64.22
46.9
71.36
64.22
38.5
110.64
108.5
80.64
80.64
61.63
2.75
2.75
24.19
53.04
53.07
49.33
7.71
140.18
135.81
14.49
1.79
21.99
4.99
5.99
3.39
3.69
3.32
19.93
39.6
83.53
38.31
80.24
40.75
38.31
40.76
38.31
40.75
38.31
21.19
21.19
77
77.46
77.46
77.46
61.15
16.71
77.46
77.46
29.35
44.97
44.97
44.97
44.97
44.97
44.97
44.97
7.62
7.62
7.62
29.65
29.65
46.97
28.67
28.67
30.11
30.1
30.11
27.96
11.43
10.72
10.72
9.58
10.72
11.23
31.06
13.37
13.37
13.37
13.37
11.95
11.95
12.66
51.28
49.17
24.88
40.42
40.48
40.42
36.99
40.43
40.48
40.43
40.64
41.11
41.8
22.58
23.96
23.96
22.58
23.96
23.21
22.58
23.96
22.58
23.96
22.81
21.42
22.81
22.81
22.81
152.67
148.62
69.85
69.85
145.13
122.67
121.97
121.97
121.97
117.06
117.06
68.47
71.08
62.64
84.51
85.89
88.12
86.69
91.82
95.53
94.05
89.57
91.83
88.85
90.35
90.35
112.15
61.18
20.97
20.97
80
18.97
34.8
34.8
12.85
79.55
79.55
79.55
77.44
70.39
62.6
56.81
11.91
12.38
11.91
24.76
26.06
24.76
26.06
1.57
1.57
1.57
14.53
33.51
33.51
4
5.25
4.7
5.5
5.3
5.25
5.15
7.3
6.75
4.3
4.6
13.9
4.45
5.15
5.3
4.6
4.2
4.15
4.15
4.15
6.75
6.75
6.75
6.75
5.15
5.9
7.8
3.5
5.45
4.95
18.22
12.72
18.22
13.99
15.8
18.22
12.64
15.05
38.09
1.36
1.49
0.95
2.06
3.16
1.58
2.53
4.54
3.7
0.4
1.39
0.72
2.74
3.2
3.57
2.75
2.65
9.5
3.61
7.41
0.51
8.55
2.08
19.75
0.51
1.9
1.36
4.18
13
6.31
3.57
5.83
18.7
18.7
5.21
9.43
10.2
10.2
9.82
10.23
11.13
7.34
10.08
9.62
14.85
6.16
12.29
12
12.85
17.47
6.9
2.91
3.65
3.75
4.7
6.75
10.15
5.5
11.9
41.8
42.55
42.55
41.8
37.65
37.05
41.8
42.55
41.8
42.55
37.05
37.65
41.8
42.55
41.8
42.55
37.65
41.8
42.55
52.5
55.5
57.2
57.35
41.75
43.1
45.8
47.5
49.8
38.35
41.75
43.1
45.8
47.5
37.45
38.35
40.55
50
55.9
28.4
30
34.5
37
39
44.1
32.5
35
38.5
27.65
29
33.1
27.45
28.45
29.55
33.3
34.75
21.8
22.75
23.9
27.65
29
26.5
27.45
28.45
29.55
26.5
27.45
28.45
29.55
33.3
5.11
16.8
22.4
54.3
67.2
39.8
24
22.4
55
47.2
47.2
14
67.2
6.3
8.8
63.6
38.7
60
33
38.1
44
23.3
29.9
28.9
58.4
101
63
23.3
38.1
45
53.9
66.6
51.2
88
87
40.97
43.02
47.74
42.97
45.02
49.74
66.33
5
6
4
1
1.77
21.61
15.45
17.2
1.2
2
3
6.5
5
6
7
8
8.5
12
15
6.5
8.5
12
16
25
7
8
15
20
15
20
5.64
20.8
13.73
18.04
17.74
19.99
3.99
18.99
6.59
6.59
6.19
12.99
6.99
12.49
9.99
9.59
7.79
3.99
3.19
22.99
24.99
10.99
11.39
2.99
1.99
5.69
3.99
6.91
14.46
7.43
15.41
6.75
4.89
5.55
10.32
5.14
6.61
6.76
17.27
5.63
11.44
5.55
5.07
6.88
7.57
4.8
7.58
5.08
14.95
3.41
7.13
11.2
3.86
12.02
12.54
16.5
118.24
132.1
156.5
222.64
179.9
10.7
24.35
0.83
1.07
2.44
5.64
5.51
5.38
5.38
5.64
6.17
5.85
5.85
5.85
5.85
3.71
4.25
2.13
3.27
2.25
1.75
3.5
4.28
2.14
5.1
2.55
1.64
2.47
2.76
5.49
10.7
2.15
1.08
2.1
7.68
2.5
2.5
3.9
3.09
34.9
36.9
7.9
27.9
29.9
43.9
39.9
39.9
3.1
14.23
1.2
1.2
1.2
1.3
1.3
1.3
1.3
1.3
1.3
1.3
1.3
1.3
1.3
1.3
1.3
1.4
1
2.6
2.1
0.8
1.25
1.15
0.6
4.2
8.5
8.5
8.5
8.5
8.5
8.5
8.5
8.5
8.5
8.5
8.5
6
10
15
20
6
2
0.7
0.8
4
12
0.8
4
2.5
2.5
0.8
3
0.7
2.5
50
2.5
5
2.39
3.5
8.18
5
1
4.67
1.96
93.14
108.47
96.7
86.65
97.21
97.21
102.73
9.72
10.27
1
106
106
1.82
45.43
59.78
63.05
38.75
63.02
12.3
6.35
14.52
9.36
17.72
20.08
24.23
23.63
0.18
0.23
0.7
0.28
0.61
0.94
137.07
9.72
6.74
4.96
4.96
4.97
4.87
3.95
5.28
3.25
5.38
4.01
5.18
21.23
21.23
24.12
48.25
674.53
529.78
336.78
433.29
8.59
1.67
5
225.68
225.68
362.39
362.43
285.59
285.59
250
250
164.5
164.5
191.87
191.86
188
188
229.83
229.83
269.15
269.15
49.2
6.07
6.07
6.07
7.14
6.85
3.35
4.44
6.48
7.79
12.2
129
8.84
64.9
15
45
49
54
38.5
41.92
39.34
41.36
43.39
46.54
57.09
8.89
26.56
10.08
12.1
13.18

9.98
47.72
88.54
4.77
8.85
106.35
77.25
62.11
16.5
4.95
7.6
13.95
7.99
35.9
17.4
21.15
8.98
22.5
6.8
9.75
9.95
28.5
6.8
2.07
5.15
4.4
41.7
18.99
3.69
19.19
1.97
2.04
8.84
2.51
2.51
2.51
1.69
8.09
5.44
5.44
1.3
12.6
7.8
4.8
19.9
13.47
12.27
12.94
7.12
19.43
6.9
12.27
2.44
16.8
62.53
25.3
25.3
28.25
33.5
37.9
121.97
73.3
69.96
76.64
57.96
23.85
25.11
22.52
4.12
4.4
4.67
4.95
5.5
6.05
6.32
6.59
8.79
16.48
15
15.93
16.21
15
15
15.66
15
16.87
9.89
9.89
9.89
9.89
9.89
9.89
9.89
9.89
1.97
2.04
2.1
2.21
2.35
2.51
2.73
2.91
3.09
3.36
3.75
4.62
4.92
5.38
5.89
6.28
7.43
7.83
8.8
75
125
6.38
6.38
10.6
10.6
7.7
7.71
7.04
7.96
2.52
5.28
7.9
27
7.43
7.43
4.65
4.67
3.44
5.38
5.2
6.21
6.45
7.23
2.58
2.88
42.52
1.5
1.58
8.5
27
43
15.5
30
49
30
2.88
72
49
71
32
72
26
72
29.48
189.52
177.4
77.74
59.9
69.9
67.9
90.34
7.83
91.84
54
54
65
60
31.5
34.9
39.9
79.9
41.59
52.89
49.09
37.79
41.59
24.59
35.9
49.9
24.7
20.9
19.95
15.99
13.29
16.98
24.501
18.89
20.9
30
4.52
9.13
1.2
1.41
1.83
2.66
3.44
1.83
3.57
3.07
2.32
1.91
1.7
1.49
2.45
3.44
0.84
0.78
0.78
1.74
1.63
1.65
1.65
1.88
2.64
3.31
3.08
2.28
2.1
1.88
1.74
54.53
45.72
70
26.9
26.73
26.38
76.23
29.68
18.37
41.9
8.2
6.4
19.04
20.48
13.64
20.72
43.5
16.02
12.68
9.19
11.24
17.68
10.03
24.52
24.42
7.48
17.17
7.91
18.07
5.36
5.2
30.59
18.69
24.99
3.79
21.98
19.99
19.99
12.99
17.99
17.99
17.99
11.49
10.99
11.29
9.99
2.99
19.89
2.49
12.79
11.99
14.99
2.79
2.79
6.49
19.99
17.52
25.84
17.1
18.5
63.11
11.29
21.63
18.9
32.14
40
6.72
5.18
9.12
11.53
55.78
13.77
52.36
16.65
9.4
16.42
22.19
131.57
5.92
8.6
14.9
12.9
10.5
12.5
14.9
11
90
35.21
77.78
77.8
10.5
6.41
72.06
33.578
2.41
1.97
1.74
1.52
1.52
2.64
3.17
2.1
1.97
4.19
2.39
2.09
1.13
7.19
2.59
2.79
1.74
1.4
39.99
39.99
50.67
45
42
38
35
1.97
1.74
1.74
1.52
1.52
1.3
57
65
55
34.7
1.21
1.21
1.07
1.07
1.07
1.07
1.07
1.07
1.07
1.43
1.65
1.88
1.52
1.65
1.74
2.1
1.3
1.43
1.65
1.65
2.19
2.73
2.5
2.19
2.86
3.62
0.74
0.82
0.99
0.8
0.74
0.8
0.88
0.63
0.82
0.9
1.43
1.55
1.43
1.05
1.43
1.13
2.27
2.1
1.36
1.6
23.36
14.21
54.59
49.78
3.38
69.95
171.55
2.91
171.55
18
18
23
23
28
33
23
18
28
33
28
33
7.04
6.87
8.14
31
12.27
39
9.24
21
27.3
14.85
12.98
15.4
17.11
2.78
