1
3
12
5
3
7
14
1
4
1
5
4
5
4
3
4
2
2
12
1
0
2
1
5
31
31
15
15
6
23
1
1
1
1
1
2
0
1
1
0
2
1
1
1
1
1
1
3
2
0
3
4
2
-1
2
1
2
2
1
1
1
1
1
1
1
1
2
1
1
1
1
1
1
1
1
1
1
1
3
3
1
4
2
2
2
0
2
3
2
3
1
2
2
2
1
2
2
1
2
1
3
1
5
3
2
1
1
1
1
1
1
2
3
2
1
1
2
2
6
4
5
9
7
8
8
5
7
6
8
7
6
-1
0
5
6
3
3
8
12
12
12
3
2
3
6
6
12
11
6
12
12
12
11
6
6
5
12
11
11
5
6
6
6
2
3
12
11
12
6
6
6
6
6
12
0
11
11
12
6
8
12
12
11
6
6
8
2
8
6
12
2
2
4
3
5
8
5
1
7
7
2
6
12
6
12
9
10
23
4
4
2
2
1
2
2
1
1
6
11
6
4
11
2
3
8
4
1
6
5
2
2
14
13
14
14
35
31
35
33
18
34
13
3
14
16
13
25
10
12
13
13
13
12
7
7
7
14
8
13
7
12
17
15
17
17
17
15
16
16
17
12
11
22
21
12
12
24
24
24
23
24
9
10
8
6
6
3
10
1
2
2
2
1
1
23
11
2
2
1
2
2
2
2
2
2
2
1
2
2
2
2
24
20
12
1
1
1
0
1
1
1
1
1
1
0
0
1
1
1
1
1
1
1
1
1
1
1
1
1
1
1
1
1
1
0
1
1
1
1
1
18
1
2
2
2
1
0
2
2
3
3
4
4
2
0
1
1
2
1
4
2
2
-1
21
2
0
2
-1
3
2
2
37
36
37
1
2
2
2
1
1
2
4
2
-1
3
2
2
4
5
5
4
4
4
4
6
3
6
10
9
6
6
6
6
10
8
6
6
4
10
3
10
6
6
9
9
9
9
10
6
5
10
9
10
8
10
5
9
10
5
8
7
8
8
10
1
1
10
6
10
11
4
12
24
24
11
12
18
1
1
1
1
1
1
1
1
1
1
1
1
1
1
1
1
1
1
1
3
4
4
1
1
6
2
1
4
6
6
3
6
5
4
10
3
3
3
2
3
3
3
3
-1
5
3
3
2
4
6
3
3
3
3
6
0
8
8
8
8
8
6
10
62
15
87
8
6
6
11
12
6
6
6
6
7
6
6
6
5
6
6
6
8
8
18
20
11
6
9
12
12
10
6
12
6
8
12
6
12
13
12
6
20
8
12
8
6
6
10
18
12
6
8
12
5
2
2
1
1
1
10
3
3
3
5
4
5
3
4
4
6
6
0
2
2
3
6
6
3
3
11
12
5
6
11
11
6
3
22
6
29
11
3
2
0
3
-8
3
4
4
5
5
5
4
1
1
1
1
1
1
1
1
1
3
4
0
4
3
3
3
1
1
1
5
4
4
5
5
2
3
1
1
1
1
1
1
5
2
6
11
10
30
12
18
31
47
6
6
12
12
6
5
6
5
6
11
6
3
1
6
6
-1
0
3
3
3
3
4
4
3
3
12
10
12
12
12
2
3
3
2
0
5
3
5
5
5
5
5
0
2
2
1
0
2
2
2
2
5
5
5
32
2
1
3
3
6
16
2
4
4
5
5
6
2
1
1
1
1
1
1
1
1
1
1
1
1
1
1
1
1
1
1
1
1
1
1
1
1
1
1
1
1
1
1
1
1
1
1
1
1
-1
1
1
1
1
1
1
1
0
0
1
1
1
1
1
1
1
1
1
1
1
1
1
0
1
1
1
1
1
1
1
1
1
1
1
6
12
12
6
2
2
2
2
2
2
4
3
4
4
4
4
2
2
2
3
3
2
2
28
2
1
1
1
6
6
4
1
4
3
6
2
17
4
0
2
6
6
2
3
3
3
3
5
6
4
2
2
2
4
4
5
5
3
3
3
3
0
6
6
11
12
12
12
6
10
9
6
6
5
6
6
6
6
12
12
11
6
4
6
12
12
12
12
12
12
12
6
6
0
12
12
12
6
5
6
6
6
10
12
12
5
5
5
5
2
2
2
2
6
6
6
3
3
2
2
2
50
24
3
3
3
3
11
5
11
36
8
10
24
1
1
1
1
3
2
2
2
3
2
1
2
1
1
30
7
12
12
12
20
20
20
20
20
20
19
20
20
20
20
20
19
20
19
18
20
20
20
20
20
19
20
20
19
20
19
19
20
20
20
20
20
20
19
20
20
19
20
20
20
20
20
20
20
20
12
20
19
20
20
20
20
20
20
20
20
20
20
20
20
1
1
1
1
1
2
0
1
7
1
1
1
1
1
0
2
2
1
2
2
0
8
4
8
38
30
29
40
5
4
2
3
1
1
2
2
2
2
2
1
2
-1
1
1
1
3
1
1
1
0
0
0
0
1
1
0
1
1
2
1
2
1
0
5
20
19
15
1
5
10
10
2
2
2
6
0
4
6
6
6
-2
2
3
2
2
2
2
2
2
2
2
2
2
2
1
2
2
-1
2
3
2
2
1
1
0
2
2
2
2
1
9
9
9
-1
1
2
2
2
2
2
2
1
1
3
0
2
3
2
2
2
3
3
3
3
3
0
1
1
2
2
3
2
3
3
3
3
1
2
2
2
1
2
1
2
1
2
2
2
2
1
2
2
2
2
2
2
4
10
1
0
2
1
2
0
1
2
2
1
4
3
2
2
1
-1
1
2
1
1
2
1
1
2
5
6
6
11
8
11
6
3
1
2
2
1
2
2
2
2
1
2
2
2
2
15
15
15
1
2
2
2
3
2
3
2
3
2
3
3
3
3
2
6
2
3
2
3
2
2
2
2
2
2
2
2
2
2
2
2
2
1
1
0
1
1
2
1
2
6
11
12
12
12
12
12
12
12
3
12
12
12
6
6
6
6
12
6
6
6
20
3
13
1
20
12
12
14
6
50
6
6
3
3
18
3
3
1
3
2
2
2
2
2
2
2
2
2
2
3
4
12
2
2
2
2
3
3
1
1
1
1
1
1
1
1
1
1
1
1
1
1
1
1
1
1
1
1
1
1
1
1
1
1
1
1
1
1
1
1
1
1
1
1
1
1
1
1
1
1
1
1
1
1
1
1
1
1
1
1
1
1
1
1
1
1
1
1
1
1
1
1
1
1
1
1
1
1
12
4
1
4
1
2
4
0
2
1
1
4
1
10
4
2
2
2
4
6
2
2
2
4
2
2
2
4
4
2
2
2
1
2
2
2
2
2
2
2
2
2
6
6
6
45
196
1
8
3
6
6
6
5
5
5
5
5
2
2
2
2
2
2
2
2
3
3
3
3
2
2
2
3
4
2
6
2
3
3
5
4
6
4
4
2
2
2
4
3
2
3
0
4
4
5
11
6
4
3
4
3
4
4
4
4
3
4
4
4
4
1
4
4
4
4
3
4
4
4
2
15
6
6
10
12
13
0
1
1
0
1
1
4
5
0
0
0
12
9
11
12
12
11
16
2
2
1
10
0
-1
-1
-3
-4
-4
-7
-2
0
-1
-1
-1
0
0
1
0
-1
0
-2
0
0
-0.5
0
13
25
2
1
1
1
0
1
4
2
13
13
18
15
15
15
15
15
15
30
15
30
30
30
15
25
9
5
13
0
0
0
-4
0
3
4
4
5
5
5
3
6
4
5
4
4
4
6
6
6
11
30
30
10
3
20
9
15
13
30
4
25
13
1
3
5
24
11
10
0
-2
-3
-2
0
0
0
0
0
0
0
-2
0
11
0
0
-2
0
0
-1
-1
4
2
11
2
1
2
2
2
2
96
100
10
149
7
9
1
-2
20
6.68
-3.32
-2.65
-2.8
-1.1
-1
-16.73
-0.46
-6.14
-2
3
4
-1
4
1
2
4
2
-1
9
10
1
1
1
1
0
1
1
1
1
1
1
1
1
1
1
1
1
1
6
-3.29
-1.06
0
-2
-5.05
-2.4
-1.984
-1
-5.57
6
1
3
2
1
2
2
2
4
3
0
3
0
3
0
6
4
3
3
3
0
12
1
1
0
10
2
2
2
2
2
2
1
4
1
1
3
2
2
6
1
2
2
0
40
4
0
-2
5
12
5
11
30
10
12
10
10
6
3
6
6
12
5
10
4
6
6
6
6
6
3
5
6
12
2
5
2
2
2
1
2
0
10
10
3
3
5
5
5
10
10
10
10
10
8
10
10
5
5
1
5
3
5
5
5
5
5
10
10
10
10
10
10
10
10
10
10
10
10
10
8
10
10
10
10
10
10
10
10
10
10
10
10
10
1
1
18
16
10
10
9
10
8
8
11
16
10
2
9
14
15
15
12
15
15
14
15
8
-7
24
2
6
11
2
5
0
2
0
1
-1
25
2
1
1
1
2
2
1
0
2
1
11
7
15
9
1
10
1
1
1
2
2
4
5
2
3
1
1
1
1
1
1
2
2
1
1
5
2
2
2
2
2
1
2
10
10
10
10
10
10
10
9
10
10
10
10
10
10
10
10
45
50
50
10
10
10
10
10
10
10
10
10
10
10
10
1
1
1
2
2
1
1
1
1
1
1
0
2
2
2
2
3
4
2
6
5
3
3
3
3
6
-1
6
5
8
10
3
3
3
2
2
1
1
2
1
1
0
3
1
2
2
3
3
8
5
6
3
8
9
6
2
2
1
2
1
1
0
2
2
2
39
5
12
24
6
3
2
2
6
6
6
1
2
48
42
3
4
6
4
6
6
5
2
2
2
6
6
2
2
10
10
10
10
10
5
10
10
10
3
10
6
10
3
6
5
14
15
1
1
4
4
9
16
14
10
10
10
10
10
10
5
6
11
9
10
10
10
10
10
10
10
10
10
10
10
10
10
9
10
10
10
10
10
10
10
10
10
10
10
10
10
10
9
10
10
10
10
10
10
10
10
10
10
10
10
10
10
10
10
10
10
3
1
1
13
2
1
20
1
1
1
1
1
1
1
1
1
1
1
1
1
3
3
3
1
3
1
3
1
1
3
3
3
3
18
