79.9
7.58
32.8
41.5
119.9
27.5
67.9
57.9
79.9
96.5
48.9
67.8
78.5
6.5
59.9
44.5
67.9
114.9
39.9
73.5
79.9
59.9
66.5
9.8
14.5
25.5
44.9
29.5
15.9
4.5
239.5
18.5
11.9
14.9
21.5
10.9
23.5
21.9
19.5
22.5
18.8
182.9
248.5
179.9
188.9
199.5
34.5
28.9
26.7
16.5
35.5
33.6
14.95
22.5
27.9
63.9
103.9
87.9
46.9
46.9
46.9
46.9
46.9
46.9
64.9
64.9
64.9
64.9
64.9
64.9
64.9
64.9
64.9
105.9
105.9
105.9
105.9
59.9
59.9
59.9
59.9
59.9
99.5
99.5
99.5

154.9
154.9
154.9
54.5
54.5
54.5
54.5
54.5
54.5
54.5
88.9
88.9
88.9
88.9
88.9
88.9
144.9
144.9
144.9
144.9
144.9
144.9
199.9
199.9
199.9
199.9
199.9
359.9
359.9
359.9
359.9
359.9
99.9
64.9
49.9
31.9
32.9
28.5
28.5
24.8
19.9
16.9
17.8
19.9
4.9
4.9
4.9
4.9
4.9
28.8
28.8
31.9
29.9
29.9
29.9
28.9
28.9
28.9
39.9
39.9
26.7
24.5
39.9
21.9
18.9
9.8
9.8
45.5
56.5
59.9
11.8
6.5
24.5
20.9
16.5
35.9
26
10.9
11.9
19.9
19.9
28.9
14.9
12.9
15.9
13.5
39.98
22.9
24.9
21.9
22.9
24.9
42.9
24.9
31.9
24.9
26.9
17.9
16.9
15.9
25.5
17.9
41.9
24.9
31.9
35.8
43.9
94.9
59.8
54.94
84.9
105.9
21.9
19.9
62.9
17.8
16.5
31.9
12.8
9.9
12.8
6.8
56.9
43.8
52.9
169.9
169.9
169.9
169.9
46.9
46.9
35.9
10.9
9.9
7.98
7.49
92.5
79.5
42.9
94.9
47.9
33.4
14.9
39.4
31.9
13.49
13.49
13.49
13.49
2.99
2.99
2.99
2.99
44.9
11.5
16.6
12.5
11.7
12.9
14.9
13.9
19.8
14.9
14.8
14.9
14.9
14.9
24.9
24.9
24.9
21.9
29.9
29.9
29.9
29.9
29.9
11.9
11.9
11.9
11.9
11.9
11.99
11.9
11.9
9.9
4.98
3.89
2.99
12.9
12.9
12.9
8.5
5.9
8.9
15.9
11.9
21.8
28.9
15.9
24.8
36.9
29.9
42.9
42.9
42.9
69.9
69.9
69.9
14.9
23.9
3.9
4.5
4.9
7.5
8.9
19.9
18.9
18.9
12.9
10.9
9.9
8.9
7.9
6.9
5.9
6.9
6.9
13.9
119.9
153.8
189.9
147.8
116.9
138.9
108.9
138.9
189.9
173.9
199.9
173.9
199.9
154.9
149.8
199.9
154.9
174.9
139.9
174.9
68.9
79.9
183.9
339.8
224.9
109.9
129.9
154.9
28.9
17.9
26.9
36.9
44.9
54.9
64.9
83.9
5.6
18.5
24.9
15.8
24.7
37.5
18.59
35.8
24.8
13.6
13.5
14.6
8.9
15.95
22.5
38.9
73.9
11.5
12.5
27.9
69.9
25.5
18.9
4.9
11.8
24.9
22.9
26.5
11.9
33.9
31.9
2.3
1.5
2.59
15.9
8.5
13.9
13.9
15
15.5
13.3
20
38.5
39.9
10.9
11.5
11.5
14.9
15
15
14.9
16.8
15.8
14.8
49.9
37.5
25.5
8.2
7.9
2.9
2.9
2.9
5.8
3.5
3.5
12.3
11.5
14.6
15.5
14.9
7.6
8.5
9.8
3.5
3.5
4.29
4.29
7.98
14.9
7.98
4.5
6.4
7.4
7.9
3.7
11.9
7.8
7.8
9.98
10.9
10.9
10.9
4.95
4.95
29.9
34.9
11.4
19.7
5.95
19.9
19.9
4.7
2.99
2.99
4.7
8.5
9.9
71.9
69.9
68.5
73.9
64.9
63.5
61.9
66.9
64.9
63.5
64.9
66.8
69.9
77.5
75.5
73.8
73.8
75.4
76.9
13.9
14.9
16.9
82.9
77.9
10.9
18.9
18.9
14.9
6.5
4.2
14.9
8.4
19.5
14.9
7.6
24.9
13.5
13.5
13.5
13.5
21.9
21.9
17.9
13.5
14.9
21.9
17.9
18.9
24.9
23.9
16.9
16.9
16.9
19.9
26.5
43.5
13.5
13.5
13.5
13.5
13.5
6.9
14.5
6
7.5
4.9
19.9
39.9
17.4
9.5
14.5
24.5
21.9
25.9
49.9
26.9
26.9
37.9
28.9
22.9
24.9
23.9
35.9
23.9
18.5
6.8
3.9
8.9
13.9
8.9
15.9
12.9
8.5
12.9
6.5
12.9
14.9
13.9
23.9
11.9
12.5
6.5
8.9
9.9
26.9
11.9
9.9
26.9
26.9
14.9
9.9
9.9
26.9
18.9
8.9
7.9
49.9
82.9
119.9
92.9
66.9
7.98
14.5
14.5
14.5
5.99
5.99
5.9
18.9
23.95
23.95
13.9
12.9
9.9
9.9
9.9
29.9
19.9
17.9
23.9
95.9
53.9
15.9
26.5
7.9
5.5
7.5
15.9
9.8
17.9
49.7
4.9
19.98
53.9
57.9
598.991.216.030.744
69.8
86.9
115.9
19.9
29.9
39.9
49.9
69.9
18.9
139.9
154.9
184.9
149.9
184.9
215
59.9
79.9
99.9
31.9
21.5
31.9
21.5
31.9
37.9
44.9
37.9
34.9
17.9
17.9
17.9
17.9
19.9
18.9
23.9
33.9
14.5
28.9
43.9
43.9
72.9
86.9
18.9
15.9
18.9
15
15
3.5
5.9
6.5
15.5
2.6
12.5
7.95
5.3
4.5
25.9
15.9
5.5
5.5
19.98
27.8
5.5
11.65
16.6
2.4
2.4
5.4
5.95
18.9
17.8
18.5
5.6
5.6
5.6
3.99
3.99
2.15
2.15
2.15
2.15
2.15
21.9
21.9
22.9
5.6
5.6
2.29
2.29
2.15
2.15
2.15
2.15
2.15
2.15
7.9
9.9
65
38
29.9
5.9
14.9
13.9
6.9
6.9
6.9
11.9
26.9
2.7
3.2
5.5
8.9
3.29
14.5
21.5
36.9
11.5
3.4
7.5
39.9
138.9
62.9
53.9
31.9
44.9
52.9
19.9
110
92.5
58.9
62.5
115
75.5
132.9
48.9
38.5
135.9
77.5
110
43.5
41.9
56.9
49.9
53.9
71.9
59.5
59.5
57.9
47.9
44.5
384.985
41.9
45.5
34.9
36.9
39.9
27.9
29.9
31.9
33.9
34.9
36.9
34.9
43.8
59.8
41.9
39.9
43.9
45.5
39.9
41.9
45.5
43.9
24.5
26.5
27.9
29.9
31.5
47.5
48.9
50.9
52.5
54.5
55.9
57.9
59.9
24.5
26.5
27.9
29.9
31.5
28.5
35.8
28.8
58.9
69.9
89.9
26.9
43.5
49.9
39.9
325.045
19.9
7.5
98.975
8.7
19.9
19.9
22.5
98.975
27.9
6.5
55.5
24.9
7.9
38.9
72.9
52.9
52.9
23.9
29.9
57.9
145.9
74.9
95.5
49.9
25.9
6.9
21.5
51.9
71.5
9.5
9.5
74.9
36.5
19.6
36.8
19.8
20.9
29.9
17.7
199.9
193.9
159.9
159.9
139.9
19.9
8.9
11.6
15.5
20.9
27.95
42.9
8.9
18.8
5.8
5.4
7.2
7.2
14.9
6.6
6.6
16.5
16.5
15.7
14.9
10.9
16.9
16.9
2.99
4.68
6.3
9.9
13.9
24.8
1.6
2.2
2.5
3.4
4.3
4.5
5.6
7.95
9.95
4.7
4.7
4.7
4.7
18.7
18.7
18.7
21.5
7.7
5.9
6.8
14
10.9
9
17.5
19.9
47.9
38.7
139.9
72.9
11.5
14.5
14.5
18.6
18.6
81.9
155.9
93.9
2.8
2.8
19.9
25.8
35
48.8
3.99
3.99
3.99
3.99
3.99
3.99
3.99
86.9
86.9
86.9
72.9
33.5
104.9
72.9
75.5
79.9
96.9
66.9
63.9
104.9
215
3.6
4.99
5.2
5.2
5.2
1.5
2
2
2
2
2
2
2
2
2
1.5
1.5
1.5
1.5
1.5
1.5
1.5
1.5
1.5
1.5
1.5
1.5
1.5
1.5
1.5
1.5
1.5
1.5
1.5
1.5
1.5
1.5
1.5
1.5
1.5
2
2
1.5
1.5
2
1.5
1.5
1.5
1.5
1.5
2
2
1.5
2
2
1.5
1.5
2
2
1.5
1.5
2
1.5
2
1.5
1.5
184.9
178.5
178.5
124.5
85.5
81.9
131.9
125.9
76.9
134.9
86.9
104.9
99.9
109.9
59.9
134.9
132.9
138.9
59.9
79.9
21.5
11.9
6.9
9.9
0.99
0.99
0.99
0.99
72
69.9
139.9
59.9
135.901
71.9
77.9
113.5
115
109.9
107.9
107.9
116.9
72.9
191.9
169.9
194.9
94.9
169.9
169.9
144.9
147.9
112.9
84.9
84.9
89.9
89.9
65.9
99.9
89.9
53.9
154.9
151.9
112.9
112.9
86.9
3.99
39.875
29.9
74.9
74.9
69.9
11.5
159.9
156.9
23.9
4.5
34.9
9.9
10.9
6.9
7.5
6.7
29.9
49.9
102.9
47.9
98.9
52.9
49.8
52.9
49.8
52.9
49.803
26.9
26.9
99.8
99.8
99.8
99.8
78.9
21.5
99.8
99.8
37.902
64.9
64.9
64.9
64.9
64.9
64.9
64.9
12.7
12.7
12.7
41.9
41.9
65.9
39.9
39.9
41.9
41.9
41.9
38.9
15.9
14.9
14.9
13.9
14.9
15.9
43.9
18.9
18.9
18.9
18.9
16.9
16.9
17.9
73.9
70.9
35.9
58.9
58.9
58.9
53.9
58.9
58.9
58.9
58.9
59.9
60.9
32.9
34.9
34.9
32.9
34.9
32.9
32.9
34.9
32.9
34.9
32.9
30.9
32.9
32.9
32.9
206.9
211.9
99.9
99.9
206.9
174.9
173.9
173.9
173.9
166.9
166.9
93.9
95.9
85.9
115.9
115.9
118.9
118.9
125.9
128.9
128.9
124.9
123.9
119.9
123.9
123.9
157.9
83.9
39.9
38.9
149.9
35.9
68.9
78.9
24.9
112.9
112.9
112.9
109.9
99.9
87.5
76.9
16.9
16.9
16.9
33.9
35.9
33.9
35.9
2.198
2.198
2.2
19.9
45.9
45.9
6.4
8.4
7.7
8.9
8.5
8.4
8.3
11.7
10.9
6.9
7.5
22.5
7.2
8.3
8.5
7.5
6.8
6.7
6.7
6.7
10.8
10.8
10.8
10.8
8.3
9.4
12.4
5.6
8.8
7.95
25.6
17.9
25.6
19.6
22.3
25.6
17.701
21.3
69.9
2.8
2.99
1.95
3.99
6.3
3.2
4.99
8.9
7.4
0.9
2.8
1.5
5.5
6.4
6.99
5.5
5.3
18.5
7.3
14.5
1
13.7
3.99
32.9
1
3.8
2.8
8.2
21.9
9.9
6.9
10.9
27.9
27.9
9.9
14.3
15.3
15.3
14.7
15.3
16.7
10.95
14.95
14.4
21.9
9.25
18.4
17.9
19.5
25.9
9.9
4.65
5.9
5.9
7.5
10.8
15.9
8.9
18.9
74.9
76.9
76.9
74.9
67.9
66.9
74.9
76.9
74.9
76.9
66.9
67.9
74.9
76.9
74.9
76.9
67.9
74.9
76.9
94.5
99.9
99.9
99.9
74.9
77.9
81.9
85.9
89.9
68.9
74.9
77.9
81.9
85.9
67.9
68.9
72.9
89.9
99.9
49.9
53.9
61.9
66.9
69.9
78.9
58.9
62.9
68.9
49.9
51.9
59.9
48.9
51.9
52.9
59.9
62.9
39.9
39.9
42.9
49.9
51.9
47.9
49.9
49.9
52.9
47.9
49.9
51.9
52.9
59.9
12.9
28.5
38.9
92.9
113.9
67.9
39.9
38.9
92.9
79.9
79.9
23.9
113.9
10.9
14.9
108.9
65.9
99.9
56.9
64.9
74.9
39.9
49.9
49.9
99.9
169.9
107.9
39.9
64.9
76.9
91.9
113.9
86.9
149.9
149.9
65.9
68.9
76.9
68.9
72.9
79.9
106.9
8.5
9.9
6.8
2
3.9
35.9
25.8
28.5
2.5
4
6
13
10
12
14
16
17
24
30
13
17
24
32
49
14
16
29.9
39.9
29.9
39.9
9.5
33.9
22.9
29.8
28.9
33.9
7.3
32.5
11.8
11.8
11.8
22.9
12.5
21.9
17.9
16.9
13.9
7.5
5.9
39.9
42.9
19.8
18.5
5.9
3.9
10.9
7.5
10.95
22.95
11.8
24.5
10.9
7.8
8.8
16.5
8.3
10.9
10.8
27.5
8.95
18.3
8.8
7.95
10.9
11.95
7.7
12.3
8.2
23.9
5.4
13.5
17.9
5.99
19
20
25.9
174.9
192.9
226.9
319.9
259.9
17.5
39.9
1.6
2
4.8
9.9
9.9
9.9
9.9
9.9
10.5
9.95
9.95
9.95
9.945
5.99
6.5
3.25
4.98
3.5
2.75
5.5
6.7
3.5
7.9
3.98
2.6
3.9
4.3
8.5
16.7
3.5
1.9
3.4
11.9
3.9
3.9
6
4.8
54.9
58.9
11.9
44.8
47.9
69.9
63.9
63.9
4.95
21.5
1.99
1.99
1.99
2.2
2.2
2.2
2.2
2.2
2.2
2.2
2.2
2.2
2.2
2.2
2.2
2.9
2
5.2
4.5
2
2.9
2.9
1.8
8.5
12.8
12.8
12.8
12.8
12.8
12.8
12.8
12.8
12.8
12.8
12.8
9
15
22.5
29.9
13
4.5
2
2
9.5
25
2
9
6
6
2
7
2.003
5
80
6
12
3.8
7
12.9
7.5
1.6
7.005
2.95
125.9
146.5
131.9
116.9
131.9
131.9
139.9
15.5
16.5
1
143.9
143.9
2.9
63.9
83.7
89.9
54.9
89.9
19.9
14.9
23.9
15.8
29.5
33.5
39.9
38.9
0.5
0.5
1.5
0.7
1.5
2
191.9
15.5
10.5
7.7
7.7
7.7
7.7
5.99
8.5
5.2
8.5
6.5
8
49.9
49.9
59.9
98.9
1290
990
549
780
15.9
2.9
8.5
339.9
339.9
539.9
539.9
399.9
399.9
369.9
369.9
239.9
239.9
278.9
278.9
272.9
272.901
339.8
339.8
398.9
398.9
78.9
9.4
9.4
9.4
10.9
10.5
5.2
6.9
9.9
11.9
18.3
198
14.6
109.9
24
76.5
83.5
92.5
65.9
61.9
57.9
59.9
62.9
67.9
82.9
15
39.9
16.9
19.9
22.5

16.8
73.5
137.5
7.8
14.5
154.5
112.9
89.9
26.5
8.5
12.95
22.5
12.9
57.5
27.9
33.9
14.5
36
10.9
15.6
15.9
45.8
10.9
3.5
8.5
7.5
49.9
29.9
6.5
29.9
3.5
3.5
14.9
4.5
4.5
4.5
3.9
13.8
9.5
9.5
2.9
21.5
13.5
7.95
32.9
22.5
19.9
21.5
11.9
29.9
11.8
19.7
4.9
25.9
99
39.9
39.9
45.5
53.5
59.9
169.9
109.9
104.9
114.9
86.9
36.9
388.965.379.494.008
34.9
9.5
9.9
10.9
11.5
12.9
13.9
14.9
15.9
19.9
36
33
35
35
33
33
34
33
37
21.8
21.8
21.8
21.8
21.8
21.8
21.8
21.8
4.3
4.5
4.6
4.9
5.2
5.5
6
6.4
6.8
7.4
8.2
10
10.8
11.8
12.9
13.8
16.3
17.2
19.4
129
199
9.9
9.9
16.5
16.5
11.5
11.5
11.5
12.5
3.5
8.5
11.9
46.9
11.9
11.9
7.5
7.5
5.5
8.2
8
9.5
9.9
10.9
3.99
4.5
67.9
3
2.99
12.9
35
55.9
20
39.9
64.9
39.9
6.9
98.9
63.9
94.5
42.9
95.9
34.9
95.9
37.9
234.9
219.9
99.9
129.9
129.9
129.9
123.9
11.9
125.9
97.5
97.5
119
109.9
59.9
59.9
69.9
129.9
69.9
89.9
83.5
63.9
69.9
44.9
65.9
84.9
41.9
35.9
35.9
27.5
22.9
28.9
41.9
32.9
35.9
54.9
9
18
2.4
2.8
3.7
5.3
6.9
3.7
7
6
4.7
3.9
3.5
3
4.9
6.9
2
1.9
1.9
3.5
3.3
3.3
3.3
3.7
5.3
6.6
6.2
4.6
4.3
3.8
3.5
81.795
69.9
105.9
45.5
45.5
45.5
129.9
51.9
31.5
69.9
14.9
11.5
32.5
34.9
23.9
35.9
65
25.9
20.9
15.9
19.5
27.9
15.9
38.9
38.9
11.9
26.9
12.5
28.9
8.5
8.3
48.9
29.904
42.9
6.99
37.9
31.9
31.9
21.9
31.9
31.9
31.9
19.9
18.9
19.5
16.9
5.9
29.9
4.29
21.5
19.9
25.5
4.69
4.99
9.9
32.9
28.9
41.9
27.9
29.9
94.9
18.9
34.9
31.9
49.9
49.9
9
8.8
12.9
17.9
89.9
21.9
79.9
25.9
14.9
25.9
34.9
177.9
9.5
12.9
29.8
24.9
19.9
24.9
28.9
19.8
190
43.9
95.9
98.9
15.9
9.9
88.9
41.9
4.8
4
3.6
3
3
5.3
6.4
4.2
4
8.5
4.9
4.9
2.5
14.9
5.9
5.9
3.5
2.9
69.9
69.9
69
82.9
78.9
69.9
64.9
4
3.5
3.5
3.5
3.5
2.6
119.9
129.9
99.9
59.9
2.5
2.5
2.2
2.2
2.2
2.2
2.2
2.2
2.2
2.9
3.3
3.8
3.3
3.3
3.5
4.2
2.6
2.8
3.3
3.3
4.4
5.3
5
4.4
5.8
7.2
1.9
1.9
1.9
1.9
1.9
1.9
1.9
1.5
1.9
1.9
2.9
3
2.9
2.2
2.9
2.5
4.5
4.2
2.8
3.2
31.9
19.9
76.9
69.9
5.5
119.9
279.9
4.6
259.9
36
36
46
46
56
66
46
36
56
66
56
66
14
13.79
16.3
62
24.5
78
18.5
42
54.5
29.7
25.9
31
34.5
5.6
